[butane.pure]
name = "nC4"
Tc = 425.2000
Pc = 38.0000
Vc = 0.193000
w = 0.31012

[butane.SoaveRedlichKwong]
a = 14.0601
b = 0.080605
k = 0.777263
