[carbon_dioxide.pure]
name = "CO2"
Tc = 304.2000
Pc = 73.7600
Vc = 0.225000
w = 0.11430

[carbon_dioxide.SoaveRedlichKwong]
a = 3.7075
b = 0.029709
k = 0.825291
