[ethane.pure]
name = "C2"
Tc = 305.4000
Pc = 48.8400
Vc = 0.098000
w = 0.17330

[ethane.SoaveRedlichKwong]
a = 5.6435
b = 0.045045
k = 0.632571
