[hexane.pure]
name = "C6"
Tc = 507.4000
Pc = 29.6900
Vc = 0.296000
w = 0.47365

[hexane.SoaveRedlichKwong]
a = 25.6257
b = 0.123111
k = 0.930571
