[hidrogen_sulfide.pure]
name = "H2S"
Tc = 373.2500
Pc = 89.3700
Vc = 0.100000
w = 0.11575

[hidrogen_sulfide.SoaveRedlichKwong]
a = 4.6067
b = 0.030086
k = 0.635650
