[isobutane.pure]
name = "iC4"
Tc = 408.1000
Pc = 36.4800
Vc = 0.176000
w = 0.31005

[isobutane.SoaveRedlichKwong]
a = 13.4916
b = 0.080587
k = 0.751603
