[isopentane.pure]
name = "iC5"
Tc = 460.4000
Pc = 33.8400
Vc = 0.227000
w = 0.37707

[isopentane.SoaveRedlichKwong]
a = 18.5108
b = 0.098008
k = 0.828280
