[methane]
[methane.pure]
name = "C1"
Tc = 190.6000
Pc = 46.0000
Vc = 0.008000
w = 0.11484

[methane.SoaveRedlichKwong]
a = 2.3339
b = 0.029848
k = 0.492581
