[nitrogen.pure]
name = "N2"
Tc = 126.2000 
Pc = 33.9400 
Vc = 0.040000 
w = 0.10305

[nitrogen.SoaveRedlichKwong]
a = 1.3867
b = 0.026786
k = 0.542680
