[pentane.pure]
name = "nC5"
Tc = 469.6000
Pc = 33.7400
Vc = 0.251000
w = 0.38574

[pentane.SoaveRedlichKwong]
a = 19.3151
b = 0.100262
k = 0.864049
