[propane.pure]
name = "C3"
Tc = 369.8000
Pc = 42.4600
Vc = 0.152000
w = 0.24138

[propane.SoaveRedlichKwong]
a = 9.5179
b = 0.062740
k = 0.715205
